0.0004256248474121094
0.00284576416015625
0.009973645210266113
0.02350609302520752
0.0383742094039917
0.05855615139007568
0.21367735862731935
0.4654143571853638
0.9571630001068115
1.3535284519195556
2.317250108718872
3.4195230484008787
5.465865588188171
9.832246208190918
15.09002206325531
20.688489317893982

0.0026995182037353516
0.005049800872802735
0.005485391616821289
0.005396223068237305
0.0060962200164794925
0.006606578826904297
0.00848062038421631
0.009825825691223145
0.011175131797790528
0.012529301643371581
0.013431620597839356
0.015235137939453126
0.018523645401000977
0.02054171562194824
0.0220090389251709
0.0232799768447876